"Keywords"
"science"
"science museum"
"science center"
"science news"
"science diet dog food"
"science daily"
"science definition"
"science buddies"
"science fiction"
"science and industry museum"
"science advances"
"science articles"
"science advances impact factor"
"science and technology"
"science and industry museum chicago"
"science activities for preschoolers"
"science and engineering practices"
"a science experiment"
"a science is defined by"
"a science that looks at atmosphere and the weather"
"a science joke"
"a science is considered interdisciplinary when"
"a science fair project"
"a science odyssey"
"a science question"
"science bio"
"science bob"
"science based targets"
"science background"
"science beaker"
"science books"
"b science words"
"b science fiction movies"
"b science meaning"
"b science subject"
"b science and b advanced studies"
"b science usyd"
"b science uon"
"b science unsw"
"science city"
"science channel"
"science center of iowa"
"science central"
"science calculator"
"science current events"
"science careers"
"c science words"
"c science doodles"
"c science symbol"
"c science center"
"c science periodic table"
"c science parking kent state"
"c science element"
"science c minus sin d"
"science diet"
"sciencedirect"
"science diet cat food"
"science diet puppy food"
"d science words"
"science d visions"
"science d sonlight"
"science d'art"
"group d science syllabus"
"group d science syllabus in hindi"
"d b science college gondia"
"group d science question pdf"
"science experiments"
"science experiments for kids"
"science experiments at home"
"science experiments for middle school"
"science equipment"
"science emoji"
"science exchange"
"science experiments for toddlers"
"e science words"
"e science merit badge"
"e sciences inc"
"e sciences orlando"
"e science symbol"
"e science news"
"e science 3000"
"e sciences fort lauderdale"
"science fair"
"science fair project ideas"
"science fair projects"
"science friday"
"science fiction movies"
"science fiction books"
"science fair ideas"
"f science words"
"f science periodic table"
"of science"
"of science and swords"
"fsciences"
"of science and technology"
"of science essay"
"of science wonder of science"
"science games"
"science gif"
"science gpa calculator"
"science games for kids"
"science guy"
"science genius"
"science guyz"
"science goggles"
"g science words"
"g science class 10"
"g science class 9"
"g science meaning"
"g science class 8"
"g science class 10 notes"
"g science class 7"
"g science class 7 notes"
"science hill"
"science hill dog food"
"science hub"
"science hill ky"
"science history institute"
"science hill cat food"
"science hill family care"
"science hall"
"h science words"
"h science periodic table"
"h science meaning"
"h science symbol"
"sciencedirect h index"
"science h index"
"science h logic"
"science in spanish"
"science impact factor"
"science immunology"
"science in the news"
"science is"
"science in sport"
"science images"
"science in german"
"i science words"
"i science textbook"
"i science book"
"i science classes"
"i science imperial"
"i science symbol"
"in science meaning"
"i science periodic table"
"science jokes"
"science journal"
"science jobs"
"science jewelry"
"science jobs near me"
"science jokes for kids"
"science journal for kids"
"science journal impact factor"
"j science words"
"j science vocabulary words"
"j science food agriculture"
"j-science lab co. ltd"
"jlab science"
"j science of materials"
"science j. of chemistry"
"science jrank"
"science kids"
"science kits for kids"
"science kits"
"science kids show"
"science kids animal facts"
"science kits for teens"
"science kid cartoon"
"science kits for 5 year olds"
"k science words"
"k science symbol"
"k science periodic table"
"k science standards"
"k science experiments"
"kscience photolab"
"k science animation"
"k science terms"
"science lab"
"science library"
"science leadership academy"
"science logic"
"science logo"
"science lessons"
"science library uci"
"science lab equipment"
"l science words"
"l science symbol"
"l science day"
"l science 8th guide"
"o/l science past papers"
"o/l science past papers with answers pdf"
"a/l science subjects"
"o/l science past papers tamil medium"
"science museum of minnesota"
"science magazine"
"science museum of virginia"
"science museum near me"
"science museum okc"
"science museum boston"
"science memes"
"m science glassdoor"
"m science jefferies"
"m science careers"
"m science salary"
"m science words"
"m science sundial"
"m science competitors"
"m science linkedin"
"science news for students"
"science news articles"
"science news daily"
"science news today"
"science nutrition"
"science national honor society"
"science notebook"
"in science"
"n science annex ucsc"
"n science words"
"n science symbol"
"in science a theory is"
"in science a law is"
"in science a theory is quizlet"
"in science facts"
"science olympiad"
"science of reading"
"science olympiad 2022"
"science or engineering jobs"
"science of reading curriculum"
"science of the total environment"
"science of sleep"
"science of mind"
"o science words"
"o science periodic table"
"no science"
"no science periodic table"
"no scent sign"
"no science is immune to the infection of politics"
"no science element"
"no science festival"
"science project"
"science project ideas"
"science projects for kids"
"science puns"
"science park high school"
"science pictures"
"science project board"
"science podcasts"
"p science words"
"p sciences inc"
"p science periodic table"
"pescience protein"
"pescience creatine"
"p science symbol"
"p-science-gr7-pretest-cbt (2020-21)"
"pescience pre workout"
"science questions"
"science quotes"
"science quiz"
"science quiz questions"
"science questions and answers"
"science questions for 5th graders"
"science quizlet"
"science quizzes"
"q sciences"
"q sciences collagen"
"q sciences reviews"
"q sciences comp plan 2022"
"q sciences sleep spray"
"q sciences liquid collagen"
"q sciences collagen reviews"
"q sciences customer service"
"science research"
"science riddles"
"science rules"
"science research topics"
"science robotics"
"science revolution"
"science religion"
"science report"
"r science words"
"r science fiction"
"r science reddit"
"r/sciencememes"
"r/science starter pack"
"r/science of deduction"
"r/science babies"
"r sciencespo"
"science spectrum"
"science spin"
"science synonym"
"science symbols"
"science spot"
"science stuff"
"science standards"
"science shows"
"s science words"
"s science periodic table"
"s science experiments"
"s science meaning"
"s science class 10"
"s science class 9"
"s science symbol"
"s science class 8"
"science trivia"
"science translational medicine"
"science topics"
"science trivia questions"
"science translational medicine impact factor"
"science tools"
"science technology engineering and mathematics"
"science terms"
"t science words"
"t science center"
"t science symbol"
"t sciencedirect"
"science t shirts"
"science t shirts funny"
"science t shirts uk"
"science t shirts india"
"science uil"
"science units"
"science unlocked"
"science university"
"science uil practice tests"
"science under the stars"
"science unscramble"
"science u penn state"
"u science words"
"usciences baseball"
"usciences softball"
"usciences basketball"
"usciences women's basketball"
"usciences athletics"
"u science symbol"
"usciences pa program"
"science videos"
"science vs"
"science videos for kids"
"science vocabulary"
"science vs podcast"
"science vs religion"
"science valentines"
"science vs pseudoscience"
"v science words"
"v science fiction"
"v science fiction series"
"v science point"
"v science guide"
"v science point vile parle"
"v science meaning"
"v science point mira road"
"science world"
"science words"
"science websites"
"science wordle"
"science world magazine"
"science worksheets"
"science with susanna"
"science wallpaper"
"w science words"
"science xyz"
"science x newsletter"
"science x credibility"
"science xy chromosome"
"science xkcd"
"science xbox games"
"science ixl"
"x science words"
"x science continued"
"x science ksp 1.12"
"x science guide"
"x science ncert"
"x science notes"
"x science book"
"x science syllabus"
"science youtube"
"science youtube channels"
"science youtube channels for kids"
"science you"
"science youtube videos"
"science youtube guy"
"science you can eat"
"science yearbook spreads"
"y science words"
"y science terms"
"y science day is celebrated"
"y science symbol"
"y science show"
"y science words 5th grade"
"y's science clinic hiroo"
"y's science clinic"
"science zone"
"science zoom background"
"science zine"
"science zoo"
"science zone casper wyoming"
"science zodiac signs"
"science z words"
"science zombies"
"z science words"
"z science terms"
"z-sciences corp"
"z science fiction"
"z science fiction film"
"science z/d"
"science az login"
"science diet z/d"
"science 030 texas state"
"science 086"
"science 086 sample paper solution"
"science 007"
"science 0 degree"
"science 086 class 10"
"science 086 theory solution"
"science 031/1/4 answer key"
"0 science park"
"science 0 kelvin"
"science 0 degrees"
"science 2.0"
"science_0"
"class 0 science"
"group 0 science"
"cluster 0 science curriculum"
"science 101"
"science 1st grade"
"science 10"
"science 10 textbook"
"science 10th"
"science 125 questions"
"science 10 textbook pdf"
"science 11"
"1 science park boston ma 02114"
"1 science park"
"1 science ct madison wi"
"1 science park boston"
"1 science rd norwalk ct"
"1 science park boston ma"
"1 science court madison wisconsin"
"1 science park new haven ct"
"science 21"
"science 2nd grade"
"science 2022"
"science 2021"
"science 2nd grade worksheets"
"science 21 grade 3"
"science 21 grade 4"
"science 21 grade 2"
"2 science park"
"2 science court madison wi"
"2 science ct madison wi"
"2 science park new haven ct"
"2 science facts"
"2 science features"
"2 science park drive singapore"
"2 science court"
"science 37"
"science 37 stock"
"science 37 reviews"
"science 37 careers"
"science 3rd grade"
"science 37 lawsuit"
"science 360"
"science 37 login"
"3 sciences"
"3 science facts"
"3 science experiments"
"3 science words"
"3 science facts about albert einstein"
"3 science fiction authors"
"3 science safety rules"
"3 science topics"
"science 4th grade"
"science 4 us"
"science 4th grade worksheets"
"science 4th grade standards"
"science 4 inquiry"
"science 4-8 practice test"
"science 4-8"
"science 4th grade teks"
"4 science park new haven"
"4 sciences in high school"
"4 science classes high school"
"4 science words"
"4 science disciplines"
"4 science guide"
"4 science book"
"4 science curriculum features"
"science 5th grade"
"science 5th grade worksheets"
"science 5 letter words"
"science 5th grade standards"
"science 5th grade teks"
"science 5th grade questions"
"science 5 e model"
"science 5e"
"5 science park new haven"
"5 science facts"
"5 sciences"
"5 science park"
"5 science fiction movies"
"5 science words"
"5 science questions"
"5 science fair ideas"
"science 6th grade"
"science 6th grade worksheets"
"science 6th grade textbook"
"science 6 activity manual"
"science 6th grade standards"
"science 6 letter words"
"science 6th grade curriculum"
"science 6 answer key"
"6 sciences of public health"
"6 science practices of ap biology"
"6 science book"
"6 science guide"
"6 science book pdf"
"6 science notes"
"6 science ncert book"
"6 science textbook pdf"
"science 7th grade"
"science 7th grade textbook"
"science 7-12 texes"
"science 7th grade topics"
"science 7th grade worksheets"
"science 7th grade textbook pdf"
"science 7th grade book"
"science 7th grade questions"
"7 science ct columbia sc"
"7 science st"
"7 science practices"
"7 science safety procedures"
"7 science tricks with surface tension"
"7 science street pittsburgh pa"
"7 sciences of freemasonry"
"7 science practices of ap biology"
"science 8 electromagnetic spectrum worksheet"
"science 8th grade"
"science 8 density calculations worksheet"
"science 8 states of matter worksheet"
"science 8th grade staar"
"science 8th grade textbook"
"science 8th grade worksheets"
"science 80s song"
"8 science and engineering practices"
"8 science practices"
"8 sciences"
"8 science teks"
"8 science book"
"8 science book back answers"
"8 science digest"
"8 science textbook"
"science 9th grade"
"science 9th grade textbook"
"science 9 textbook"
"science 903 lifepac test"
"science 9th guide"
"science 9 review"
"science 907 lifepac test"
"science 904 lifepac test"
"9 science words"
"9 science guide"
"9 science book"
"9 science textbook"
"9 science ncert book"
"9 science textbook pdf"
"9 science digest"
"9 science notes"
